{
    "GreaterThan/1/spl": 0.44466000094909197,
    "GreaterThan/1/success": 0.7769857433808554,
    "GreaterThan/5/spl": 0.4351890467849507,
    "GreaterThan/5/success": 0.6903323262839879,
    "done_count": 0.946,
    "ep_length": 19.763,
    "spl": 0.43665612093200834,
    "success": 0.776,
    "total_reward": 3.690129999999997,
    "total_time": 0.6528072798252106
}